(473425,482287,410887,316601,496216,500597,61930,
25983,370980,502081,194711,120465,96260,504633,
470379,245110,265866,508344,512011,509680,510918,
516180,270470,458420,516973,516827,478737,518407,
82130,520488,521657,522243,520313,459130,475703,
167400,532364,97928,366728,448188,308929,427316,
536015,519176,532772,14897,537646,366169,431501,
540645,249825,532166,108784,548021,547232,551037,
320905,552880,550546,352287,352256,234192,454155,
207852,557875,559583,447680,468229,249828,566367,
566533,563689,569537,446553,572293,197350,571391,
570285,573776,573998,169102,372568,436760,71170,
51031,584317,584342,394844,325768,428587,591363,
590555,410375,592706,314190,588742,594352,596348,
186225,597115,266655,294794,224885,396113,314743,
104788,357384,164779,329193,407275,697211,58140,
704973,463376,707961,707413,382978,709915,233095,
712583,709494,205970,667812,654834,246049,225270,
475761,314120,719646,720088,287850,560364,719703,
217448,414977,161051,213983,208937,728232,51554,
687877,731086,719083,391564,733570,735176,720973,
241057,114648,52859,615396,301134,609808,745193,
120069,223794,748609,749008,749407,290593,751126,
717068,100759,222024,755451,755505,289000,389046,
248013,54682,723471,324234,761574,68718,392113,
764110,764548,746084,769137,78336,769526,466101,
757487,521084,326422,194349,670821,711566,775999,
217800,244964,640288,776698,143786,186152,755070,
116398,140990,754472,777382,778741,368632,763395,
781233,782872,224768,784886,665677,226447,786751,
786907,786540,784485,788523,614911,790596,209212,
791558,786788,174363,63946,786445,750865,795929,
792041,609305,784420,791992,795276,238303,194932,
803234,804011,773607,808954,192102,809817,381249,
218444,193294,158934,166098,313494,349044,434585,
434002,817597,406532,455532,322740,805045,188436,
818454,381565,770006,218313,645071,734833,210749,
765730,242390,265488,298906,228716,371485,328375,
347933,121013,189307,828880,829489,822916,828870,
75606,375865,835820,54120,224189,830648,138720,
820544,15682,799746,813508,821594,285796,396030,
842456,842594,840416,771564,845430,832681,845477,
841882,842307,847403,286548,201300,407422,602248,
326362,607925,137963,435004,365967,473469,569229,
125614,612610,207830,160105,615459,577039,378277,
156687,221469,623386,340326,522799,628764,223367,
327896,333594,629473,487032,632802,633067,598288,
314133,633644,637620,638261,327533,644164,604732,
298569,254493,211258,484499,622418,648378,634869,
110208,220527,185794,652002,652224,492439,652227,
603209,146446,252691,654967,659803,170401,448047,
662230,5383,303924,665012,666949,667935,666298,
669136,392791,669792,659822,673900,92158,125178,
679602,503129,350127,683101,455000,31866,612729,
686233,97299,688435,692178,70379,1604,433988,
714253,399690,789889,167451,54069,216640,51903,
186955,535105,68877,619571,201602,650310,687448,
80891,397381,601970,715367,421404,730750,720253,
761888,136507,91937,194034,473743,536705,113654,
607501,447729,616130,333367,728515,697163,364599,
752960,750581,103401,426647,331218,239376,780187,
806275,783756,818045,817345,719230,819962,821733,
822642,325014,499215,537903,540542,198823,251293,
573868,363812,316822,70449,509345,405480,231191,
256144,157694,512266,347609,99104,25633,330663,
191163,532262,533198,535151,423291,144574,105088,
90393,134914,550617,58986,383259,222207,193166,
478482,72656,461365,23650,373567,443736,365597,
570540,571785,342437,285515,375078,513027,581795,
583042,34089,593625,538633,75320,70838,595691,
14494,349533,698266,699867,701086,661254,703602,
704684,703703,707805,554130,422589,715895,60491,
222949,360063,193312,720936,722297,722649,654912,
727456,151143,731297,609851,735029,735947,296614,
189388,745346,719349,747106,245090,187492,356780,
692574,751947,751269,711176,70426,270313,750830,
569983,767180,550679,770795,197840,775050,776082,
460998,81506,774749,389488,170926,334052,777296,
787305,999,783686,784510,78952,790873,540970,
52889,120374,791533,398555,791174,777810,485467,
797929,586455,252643,209672,107992,657473,370528,
710003,663108,794963,143350,810024,811883,250942,
113940,814350,327471,82339,815600,103351,240528,
224303,12273,219507,794822,774510,812881,816078,
822023,823693,822658,237821,825288,780462,798493,
775498,526343,822588,235727,366108,58645,742893,
314527,67828,828640,263124,717502,840714,819108,
842009,643402,839100,834019,773390,80992,845999,
820514,845574,151043,847395,319259,647273,605175,
252769,375098,423393,616628,606295,623857,195351,
50488,369126,501923,634391,345191,637855,374592,
639874,239084,392669,314587,646940,640419,320052,
231449,650510,105805,622993,123220,331323,644427,
345109,675464,683608,423390,431225,328430,442829,
333762,464909,96677,608864,289662,187160,535414,
340295,705312,752884,54134,115902,502473,323720,
521765,298485,491710,209163,77313,389805,290107,
275969,50776,64442,206050,611778,396488,632381,
636212,180682,651998,383252,484444,218654,213108,
237217,664646,338672,172206,364939,210532,86644,
353362,345452,646363,142263,421605,421443,760777,
770460,769408,440874,777709,248621,255653,762496,
642366,326427,633931,62280,363977,727749,250252,
108293,365030,569221,2397,567559,169237,609888,
584404,172836,57024,75576,195421,148030,479456,
477423,448308,436330,235104,545528,547146,55038,
535076,17645,554844,154621,119170,8309,556055,
32505,126458,381294,544504,438455,650331,487818,
445808,205573,694377,683067,712262,155457,713422,
86287,51585,1810,751514,720388,65678,756916,
431475,235681,426809,206865,111031,107198,212541,
229518,548459,475506,315488,272366,398434,197580,
328564,583923,318261,593971,364252,515667,249749,
623026,93091,532727,613926,71092,251615,634498,
654056,657925,192832,104852,610071,709270,79256,
749125,59760,745255,740694,327641,377490,758708,
771457,773428,95941,508521,270886,206250,686674,
787012,776886,787553,787558,787935,788073,788514,
306449,769612,783969,68270,211235,154522,79860,
665761,65046,338720,828689,837423,841694,845554,
492787,478365,501651,432926,334558,211201,6485,
308933,329818,222069,436230,245509,480955,593651,
568158,597053,314820,411807,63282,614312,617972,
215470,205205,660814,654335,676586,213987,246951,
515793,442978,204481,755347,419559,61931,347622,
420145,554101,396623,212996,74775,54953,116313,
587972,599923,707762,640639,620678,727800,95446,
745062,746921,114145,203333,102568,751739,271970,
739657,356696,115506,785175,785886,449649,90323,
71185,802940,373539,137552,70629,825037,825624,
87362,819133,308685,193901,621646,828187,835494,
836115,658528,836909,796931,184224,441137,57584,
122230,832306,831850,313922,16646,346915,50724,
635728,636487,392620,613672,97877,90017,564215,
66083,403281,389682,401848,463147,271610,65403,
502406,534251,59581,7348,538118,60347,570742,
227298,192710,199063,652023,395498,366768,671068,
709840,461878,152876,16877,116000,412022,460364,
404638,496569,422748,271003,106957,479440,55123,
109776,310656,341041,462810,315472,59368,561990,
389509,576835,589880,211929,388977,300879,362072,
606815,606116,609784,322758,26688,318466,256289,
516906,592818,616272,63509,660195,345261,104439,
683069,248207,699110,307764,726925,728133,732285,
551189,13974,764718,767333,769462,771654,778175,
56689,545486,782003,786610,56658,755670,606241,
8748,341171,807233,52873,809835,121257,221975,
442442,502417,230993,371886,55847,8643,537999,
548194,552108,147868,333352,388733,269782,537348,
455343,50839,571975,644435,659158,84864,499832,
83675,13611,416257,342405,227642,210166,282855,
251288,544361,115565,553792,375251,242701,463028,
111035,232055,612433,123950,64166,597692,227076,
683491,685727,250301,686597,478812,687191,706642,
654216,739468,736710,752467,116901,764242,499904,
455052,509416,345850,71027,64896,100818,453369,
324512,38616,474307,167684,102036,385941,127070,
573684,215369,250989,610621,374584,166452,51186,
118110,730981,741276,741539,66589,356686,354781,
403385,766283,191066,618101,140598,775470,769619,
776680,775183,510269,761481,787860,784110,798461,
804615,810083,267073,811389,819541,817564,791723,
826500,483153,106333,378116,839392,790806,833338,
834349,847946,333284,240855,61006,572566,490065,
325603,588991,575319,607358,223649,629075,638171,
597965,86537,507379,415766,235085,634165,656957,
13541,360844,539256,338077,609749,74747,97229,
373259,145297,4133,370998,217387,217976,267021,
328690,259834,247439,349863,432155,362079,597600,
598894,127490,46518,176095,219193,217806,686003,
686756,250390,788621,820350,89606,519804,529387,
163310,232572,197312,96942,469533,555450,30318,
82880,229210,764523,765398,780451,407851,759980,
100097,300462,53086,830459,592656,834137,115289,
135340,51780,663100,670934,50649,132334,475919,
143696,210872,24962,518142,451453,524128,125363,
51566,549024,355230,264529,173602,66497,82603,
401593,60063,626682,43408,611885,695058,711194,
627474,519544,8348,76100,195786,431218,339620,
370739,219981,116597,334331,495384,514303,235373,
41368,546370,114933,310666,385354,90275,73492,
311482,568637,508272,105806,477230,608341,166592,
252624,640048,644393,92698,404241,652400,309828,
255135,674760,45578,684555,343035,688562,371386,
11291,37542,720680,728751,742548,725782,754021,
559627,758238,761643,769265,189605,783370,65559,
788096,787936,380614,267503,810871,270534,737021,
821346,753929,648373,495113,502609,384286,529962,
61060,204870,182339,616772,98384,378313,474085,
4664,116827,59817,251130,100953,682772,118135,
61492,224022,553896,563635,371488,229470,117477,
141182,664201,99638,138969,11440,296774,753753,
57749,759759,764610,774934,638132,100176,787910,
778263,539423,175658,808594,809678,482117,261098,
675315,764203,391193,340200,591793,66981,435770,
638846,370325,488737,197039,368452,89854,636958,
338195,658238,187871,748199,100248,375404,402067,
91322,116414,198795,528701,3972,547983,405551,
104406,551115,118169,94235,572432,574132,592577,
590887,165772,50612,451086,610461,619797,95626,
314932,628093,351273,638706,373657,434729,595210,
50953,228873,694029,184800,421611,508169,485364,
56997,549151,731645,353709,766381,696906,70050,
2292,231542,518696,225166,552779)